ch	105
<<<<<<< HEAD
226.18
219.92
214.68
207.94
202.8
196.1
191.32
186.12
180.12
173.96
167.16
160.78
154.84
148.52
143.14
136.8
130.888
124.241
117.48
111.9
105.9
100.48
94.76
87.56
81.68
75.18
68.66
62.36
57.44
50.06
45.02
ch	40
230.838
223.252
216.892
210.886
206.008
199.176
192.821
185.976
180.088
175.139
168.13
162.475
155.98
149.124
143.37
136.814
131.36
124.749
118.417
112.36
106.602
99.9455
94.2752
86.9401
82.0859
75.2636
69.4267
62.7824
54.3455
40.4373
0
ch	59
227.12
220.86
215.06
208.719
202.9
196.56
190.8
184.92
179.36
172.34
167.4
160.44
154.92
148.46
142.54
135.863
130.1
124.52
118.28
111.82
107.58
100.2
95.08
87.6244
81.08
75.16
69.2
63.2
57.46
50.46
43.64
ch	64
229.027
224.114
217.256
210.919
205.628
199.687
192.365
185.382
180.62
174.318
168.2
162.588
155.564
148.043
143.655
136.846
131.811
125.603
118.002
112.596
106.142
100.434
94.3679
87.8726
81.2615
76.7163
68.9903
62.7215
55.2654
39.1823
0
=======
>>>>>>> edcde05db87044102d0957169e96222ecec989b3
